latitude: -1.28639
longitude: 36.81722
postcode: ""
