id: 5b1069e1-a62e-482f-8f03-1dae11d5542c
latitude: -1.28639
longitude: 36.81722
postcode: ""
